{
  "advancedEditorSelectedIdentifier" : "ProjectBrowser",
  "openSceneRelativePaths" : [
    "Immersive.usda",
    "GlowMaterial.usda",
    "HollowCube.usda",
    "GlowCube.usda",
    "Audio.usda",
    "SplashScreenMaterial.usda"
  ],
  "recentIdentifiers" : {
    "1D572CEB-057A-41C3-B575-04C37501A3C0" : [

    ],
    "3C5BA20E-1957-48F2-9D9A-7315302ECC73" : [

    ],
    "4CBFF77E-8615-41A9-B03F-767D4D4BC709" : [

    ],
    "5609C82E-2250-476A-9A01-90D4B07B7D72" : [

    ]
  },
  "sceneCameraHistory" : {
    "1D572CEB-057A-41C3-B575-04C37501A3C0" : [
      {
        "date" : 766182367.839946,
        "title" : "Untitled",
        "transform" : [
          0.99970734,
          -3.2795633e-10,
          0.024193773,
          0,
          0.019288585,
          0.60364395,
          -0.7970207,
          0,
          -0.014604424,
          0.7972541,
          0.6034673,
          0,
          -1.4272561,
          12.473336,
          11.865053,
          1
        ]
      },
      {
        "date" : 766182366.323791,
        "title" : "Untitled",
        "transform" : [
          0.99970734,
          -3.2795633e-10,
          0.024193773,
          0,
          0.019288585,
          0.60364395,
          -0.7970207,
          0,
          -0.014604424,
          0.7972541,
          0.6034673,
          0,
          -0.93118906,
          10.440767,
          14.56233,
          1
        ]
      },
      {
        "date" : 766182361.107716,
        "title" : "Untitled",
        "transform" : [
          0.99970734,
          -3.2795633e-10,
          0.024193773,
          0,
          0.019288585,
          0.60364395,
          -0.7970207,
          0,
          -0.014604424,
          0.7972541,
          0.6034673,
          0,
          -0.044813614,
          0.5024635,
          0.70081437,
          1
        ]
      },
      {
        "date" : 766182315.55847,
        "title" : "Untitled",
        "transform" : [
          0.99970734,
          -3.2795633e-10,
          0.024193773,
          0,
          0.019288585,
          0.60364395,
          -0.7970207,
          0,
          -0.014604424,
          0.7972541,
          0.6034673,
          0,
          0.06166196,
          7.0588017,
          9.594693,
          1
        ]
      },
      {
        "date" : 766182311.258919,
        "title" : "Untitled",
        "transform" : [
          0.99970734,
          -3.2795633e-10,
          0.024193773,
          0,
          0.019288585,
          0.60364395,
          -0.7970207,
          0,
          -0.014604424,
          0.7972541,
          0.6034673,
          0,
          0.34875846,
          6.680891,
          10.100902,
          1
        ]
      },
      {
        "date" : 766182209.4094,
        "title" : "Untitled",
        "transform" : [
          0.99970734,
          -3.2795633e-10,
          0.024193773,
          0,
          0.019288585,
          0.60364395,
          -0.7970207,
          0,
          -0.014604424,
          0.7972541,
          0.6034673,
          0,
          0.075347714,
          7.48542,
          9.031403,
          1
        ]
      },
      {
        "date" : 766182208.043366,
        "title" : "Untitled",
        "transform" : [
          0.99970734,
          -3.2795633e-10,
          0.024193773,
          0,
          0.019288585,
          0.60364395,
          -0.7970207,
          0,
          -0.014604424,
          0.7972541,
          0.6034673,
          0,
          -0.10413594,
          6.1227503,
          10.827311,
          1
        ]
      },
      {
        "date" : 766182190.208917,
        "title" : "Untitled",
        "transform" : [
          0.99970734,
          -3.2795633e-10,
          0.024193773,
          0,
          0.019288585,
          0.60364395,
          -0.7970207,
          0,
          -0.014604424,
          0.7972541,
          0.6034673,
          0,
          -0.0014066147,
          8.486935,
          7.70642,
          1
        ]
      },
      {
        "date" : 766182165.492092,
        "title" : "Untitled",
        "transform" : [
          0.99970734,
          -3.2795633e-10,
          0.024193773,
          0,
          0.019288585,
          0.60364395,
          -0.7970207,
          0,
          -0.014604424,
          0.7972541,
          0.6034673,
          0,
          -0.0069856998,
          42.188507,
          38.272556,
          1
        ]
      },
      {
        "date" : 766182159.175764,
        "title" : "Untitled",
        "transform" : [
          0.99970734,
          -3.2795633e-10,
          0.024193773,
          0,
          0.019288585,
          0.60364395,
          -0.7970207,
          0,
          -0.014604424,
          0.7972541,
          0.6034673,
          0,
          -0.0022251606,
          13.431524,
          12.190989,
          1
        ]
      }
    ],
    "3C5BA20E-1957-48F2-9D9A-7315302ECC73" : [
      {
        "date" : 766113931.121203,
        "title" : "Untitled",
        "transform" : [
          1,
          0,
          0,
          0,
          0,
          0.7071069,
          -0.70710677,
          0,
          0,
          0.70710677,
          0.7071069,
          0,
          0.16977051,
          1.7887776,
          1.8688028,
          1
        ]
      }
    ],
    "5609C82E-2250-476A-9A01-90D4B07B7D72" : [
      {
        "date" : 766115323.872238,
        "title" : "Untitled",
        "transform" : [
          0.9995065,
          1.7221069e-10,
          0.03141268,
          0,
          0.020365188,
          0.76137555,
          -0.6479911,
          0,
          -0.023916846,
          0.6483111,
          0.7609998,
          0,
          0.25257528,
          1.585413,
          2.3070686,
          1
        ]
      },
      {
        "date" : 766115320.606376,
        "title" : "Untitled",
        "transform" : [
          0.9995065,
          1.7221069e-10,
          0.03141268,
          0,
          0.020365188,
          0.76137555,
          -0.6479911,
          0,
          -0.023916846,
          0.6483111,
          0.7609998,
          0,
          -1.2081345,
          1.5023117,
          2.331957,
          1
        ]
      },
      {
        "date" : 766115247.487697,
        "title" : "Untitled",
        "transform" : [
          0.9995065,
          1.7221069e-10,
          0.03141268,
          0,
          0.020365188,
          0.76137555,
          -0.6479911,
          0,
          -0.023916846,
          0.6483111,
          0.7609998,
          0,
          0.21583775,
          1.4971595,
          2.3811,
          1
        ]
      },
      {
        "date" : 766115161.489752,
        "title" : "Untitled",
        "transform" : [
          0.9995065,
          1.7221069e-10,
          0.03141268,
          0,
          0.020365188,
          0.76137555,
          -0.6479911,
          0,
          -0.023916846,
          0.6483111,
          0.7609998,
          0,
          -0.054283142,
          1.743927,
          2.162384,
          1
        ]
      },
      {
        "date" : 766114933.369506,
        "title" : "Untitled",
        "transform" : [
          0.99950653,
          0,
          0.03141268,
          0,
          0.020365188,
          0.7613755,
          -0.6479911,
          0,
          -0.023916844,
          0.6483111,
          0.76099974,
          0,
          84.3665,
          447.26013,
          487.74258,
          1
        ]
      },
      {
        "date" : 766114922.384904,
        "title" : "Untitled",
        "transform" : [
          0.99999994,
          0,
          0,
          0,
          0,
          0.7613755,
          -0.6483111,
          0,
          0,
          0.6483111,
          0.7613755,
          0,
          0.42741072,
          1.9184258,
          2.0796666,
          1
        ]
      },
      {
        "date" : 766113559.790672,
        "title" : "Untitled",
        "transform" : [
          0.99999994,
          0,
          0,
          0,
          0,
          0.7613755,
          -0.6483111,
          0,
          0,
          0.6483111,
          0.7613755,
          0,
          -0.26873547,
          2.0569146,
          3.6622496,
          1
        ]
      },
      {
        "date" : 766113343.355378,
        "title" : "Untitled",
        "transform" : [
          0.99999994,
          0,
          0,
          0,
          0,
          0.7613755,
          -0.6483111,
          0,
          0,
          0.6483111,
          0.7613755,
          0,
          0.10156345,
          2.5985253,
          3.2010682,
          1
        ]
      },
      {
        "date" : 766113328.97585,
        "title" : "Untitled",
        "transform" : [
          0.99999994,
          0,
          0,
          0,
          0,
          0.7613755,
          -0.6483111,
          0,
          0,
          0.6483111,
          0.7613755,
          0,
          -0.11890293,
          2.4916918,
          3.2920365,
          1
        ]
      },
      {
        "date" : 766113325.725601,
        "title" : "Untitled",
        "transform" : [
          0.99999994,
          0,
          0,
          0,
          0,
          0.7613755,
          -0.6483111,
          0,
          0,
          0.6483111,
          0.7613755,
          0,
          -0.026664602,
          0.5587749,
          0.73825634,
          1
        ]
      }
    ],
    "561729A4-D627-4CB0-B998-FFA06F46EE86" : [
      {
        "date" : 766174675.373973,
        "title" : "Untitled",
        "transform" : [
          1,
          0,
          0,
          0,
          0,
          0.7071069,
          -0.70710677,
          0,
          0,
          0.70710677,
          0.7071069,
          0,
          -0.03297405,
          0.22757387,
          0.24229142,
          1
        ]
      },
      {
        "date" : 766174581.755539,
        "title" : "Untitled",
        "transform" : [
          1,
          0,
          0,
          0,
          0,
          0.7071069,
          -0.70710677,
          0,
          0,
          0.70710677,
          0.7071069,
          0,
          0.007951096,
          0.20384428,
          0.266021,
          1
        ]
      },
      {
        "date" : 766174564.354872,
        "title" : "Untitled",
        "transform" : [
          1,
          0,
          0,
          0,
          0,
          0.7071069,
          -0.70710677,
          0,
          0,
          0.70710677,
          0.7071069,
          0,
          0.006548032,
          0.20136389,
          0.26850137,
          1
        ]
      },
      {
        "date" : 766174545.671662,
        "title" : "Untitled",
        "transform" : [
          1,
          0,
          0,
          0,
          0,
          0.7071069,
          -0.70710677,
          0,
          0,
          0.70710677,
          0.7071069,
          0,
          0,
          0.23493263,
          0.23493266,
          1
        ]
      }
    ],
    "77D7F290-2262-42D9-A190-867BD02AF73C" : [
      {
        "date" : 766113646.600718,
        "title" : "Untitled",
        "transform" : [
          1,
          0,
          -0,
          0,
          -0,
          0.8656502,
          -0.50064933,
          0,
          0,
          0.50064933,
          0.8656502,
          0,
          0,
          3.9635384,
          6.8612113,
          1
        ]
      }
    ],
    "BC5EF9D1-FC09-4F5B-A9E5-DC989BEE5790" : [
      {
        "date" : 766112490.874023,
        "title" : "Untitled",
        "transform" : [
          1,
          0,
          -0,
          0,
          -0,
          0.7071069,
          -0.7071067,
          0,
          0,
          0.7071067,
          0.7071069,
          0,
          1.4901161e-08,
          2.2003925,
          2.200393,
          1
        ]
      }
    ],
    "D66134B1-3681-4A8E-AFE5-29F257229F3B" : [
      {
        "date" : 766103135.246075,
        "title" : "Untitled",
        "transform" : [
          1,
          0,
          0,
          0,
          0,
          0.7071069,
          -0.70710677,
          0,
          0,
          0.70710677,
          0.7071069,
          0,
          0,
          0.23892812,
          0.23892817,
          1
        ]
      }
    ]
  },
  "sceneViewportBackgroundColors" : {

  },
  "selectedSceneRelativePath" : "Immersive.usda"
}