{
  "advancedEditorSelectedIdentifier" : "ProjectBrowser",
  "openSceneRelativePaths" : [
    "Immersive.usda",
    "HollowCube.usda",
    "GlowCube.usda",
    "Audio.usda",
    "SplashScreenMaterial.usda"
  ],
  "recentIdentifiers" : {
    "1D572CEB-057A-41C3-B575-04C37501A3C0" : [

    ],
    "3C5BA20E-1957-48F2-9D9A-7315302ECC73" : [

    ],
    "4CBFF77E-8615-41A9-B03F-767D4D4BC709" : [

    ],
    "5609C82E-2250-476A-9A01-90D4B07B7D72" : [

    ]
  },
  "sceneCameraHistory" : {
    "1D572CEB-057A-41C3-B575-04C37501A3C0" : [
      {
        "date" : 766182367.839946,
        "title" : "Untitled",
        "transform" : [
          0.99970734,
          -3.2795633e-10,
          0.024193773,
          0,
          0.019288585,
          0.60364395,
          -0.7970207,
          0,
          -0.014604424,
          0.7972541,
          0.6034673,
          0,
          -1.4272561,
          12.473336,
          11.865053,
          1
        ]
      },
      {
        "date" : 766182366.323791,
        "title" : "Untitled",
        "transform" : [
          0.99970734,
          -3.2795633e-10,
          0.024193773,
          0,
          0.019288585,
          0.60364395,
          -0.7970207,
          0,
          -0.014604424,
          0.7972541,
          0.6034673,
          0,
          -0.93118906,
          10.440767,
          14.56233,
          1
        ]
      },
      {
        "date" : 766182361.107716,
        "title" : "Untitled",
        "transform" : [
          0.99970734,
          -3.2795633e-10,
          0.024193773,
          0,
          0.019288585,
          0.60364395,
          -0.7970207,
          0,
          -0.014604424,
          0.7972541,
          0.6034673,
          0,
          -0.044813614,
          0.5024635,
          0.70081437,
          1
        ]
      },
      {
        "date" : 766182315.55847,
        "title" : "Untitled",
        "transform" : [
          0.99970734,
          -3.2795633e-10,
          0.024193773,
          0,
          0.019288585,
          0.60364395,
          -0.7970207,
          0,
          -0.014604424,
          0.7972541,
          0.6034673,
          0,
          0.06166196,
          7.0588017,
          9.594693,
          1
        ]
      },
      {
        "date" : 766182311.258919,
        "title" : "Untitled",
        "transform" : [
          0.99970734,
          -3.2795633e-10,
          0.024193773,
          0,
          0.019288585,
          0.60364395,
          -0.7970207,
          0,
          -0.014604424,
          0.7972541,
          0.6034673,
          0,
          0.34875846,
          6.680891,
          10.100902,
          1
        ]
      },
      {
        "date" : 766182209.4094,
        "title" : "Untitled",
        "transform" : [
          0.99970734,
          -3.2795633e-10,
          0.024193773,
          0,
          0.019288585,
          0.60364395,
          -0.7970207,
          0,
          -0.014604424,
          0.7972541,
          0.6034673,
          0,
          0.075347714,
          7.48542,
          9.031403,
          1
        ]
      },
      {
        "date" : 766182208.043366,
        "title" : "Untitled",
        "transform" : [
          0.99970734,
          -3.2795633e-10,
          0.024193773,
          0,
          0.019288585,
          0.60364395,
          -0.7970207,
          0,
          -0.014604424,
          0.7972541,
          0.6034673,
          0,
          -0.10413594,
          6.1227503,
          10.827311,
          1
        ]
      },
      {
        "date" : 766182190.208917,
        "title" : "Untitled",
        "transform" : [
          0.99970734,
          -3.2795633e-10,
          0.024193773,
          0,
          0.019288585,
          0.60364395,
          -0.7970207,
          0,
          -0.014604424,
          0.7972541,
          0.6034673,
          0,
          -0.0014066147,
          8.486935,
          7.70642,
          1
        ]
      },
      {
        "date" : 766182165.492092,
        "title" : "Untitled",
        "transform" : [
          0.99970734,
          -3.2795633e-10,
          0.024193773,
          0,
          0.019288585,
          0.60364395,
          -0.7970207,
          0,
          -0.014604424,
          0.7972541,
          0.6034673,
          0,
          -0.0069856998,
          42.188507,
          38.272556,
          1
        ]
      },
      {
        "date" : 766182159.175764,
        "title" : "Untitled",
        "transform" : [
          0.99970734,
          -3.2795633e-10,
          0.024193773,
          0,
          0.019288585,
          0.60364395,
          -0.7970207,
          0,
          -0.014604424,
          0.7972541,
          0.6034673,
          0,
          -0.0022251606,
          13.431524,
          12.190989,
          1
        ]
      }
    ],
    "3C5BA20E-1957-48F2-9D9A-7315302ECC73" : [
      {
        "date" : 766186865.420932,
        "title" : "Untitled",
        "transform" : [
          1,
          0,
          0,
          0,
          0,
          0.7071069,
          -0.70710677,
          0,
          0,
          0.70710677,
          0.7071069,
          0,
          0.010094391,
          0.29813877,
          0.44305867,
          1
        ]
      },
      {
        "date" : 766113931.121203,
        "title" : "Untitled",
        "transform" : [
          1,
          0,
          0,
          0,
          0,
          0.7071069,
          -0.70710677,
          0,
          0,
          0.70710677,
          0.7071069,
          0,
          0.16977051,
          1.7887776,
          1.8688028,
          1
        ]
      }
    ],
    "5609C82E-2250-476A-9A01-90D4B07B7D72" : [
      {
        "date" : 766187475.664516,
        "title" : "Untitled",
        "transform" : [
          0.9995065,
          -7.591119e-10,
          0.03141268,
          0,
          0.02036519,
          0.76137555,
          -0.6479911,
          0,
          -0.023916846,
          0.6483111,
          0.7609998,
          0,
          -0.1412413,
          0.1692638,
          0.25315568,
          1
        ]
      },
      {
        "date" : 766187361.613981,
        "title" : "Untitled",
        "transform" : [
          0.9995065,
          -7.591119e-10,
          0.03141268,
          0,
          0.02036519,
          0.76137555,
          -0.6479911,
          0,
          -0.023916846,
          0.6483111,
          0.7609998,
          0,
          -0.1290006,
          0.2186214,
          0.21149164,
          1
        ]
      },
      {
        "date" : 766186754.321487,
        "title" : "Untitled",
        "transform" : [
          0.9995065,
          -7.591119e-10,
          0.03141268,
          0,
          0.02036519,
          0.76137555,
          -0.6479911,
          0,
          -0.023916846,
          0.6483111,
          0.7609998,
          0,
          -0.021117095,
          0.19643816,
          0.23378056,
          1
        ]
      },
      {
        "date" : 766186750.350342,
        "title" : "Untitled",
        "transform" : [
          0.9995065,
          -7.591119e-10,
          0.03141268,
          0,
          0.02036519,
          0.76137555,
          -0.6479911,
          0,
          -0.023916846,
          0.6483111,
          0.7609998,
          0,
          -0.021117095,
          0.19643816,
          0.23378056,
          1
        ]
      },
      {
        "date" : 766186743.823331,
        "title" : "Untitled",
        "transform" : [
          0.9995065,
          -7.591119e-10,
          0.03141268,
          0,
          0.02036519,
          0.76137555,
          -0.6479911,
          0,
          -0.023916846,
          0.6483111,
          0.7609998,
          0,
          -0.005947113,
          0.19200134,
          0.23803711,
          1
        ]
      },
      {
        "date" : 766185879.244202,
        "title" : "Untitled",
        "transform" : [
          0.9995065,
          -7.591119e-10,
          0.03141268,
          0,
          0.02036519,
          0.76137555,
          -0.6479911,
          0,
          -0.023916846,
          0.6483111,
          0.7609998,
          0,
          -5.481567,
          177.08517,
          219.53448,
          1
        ]
      },
      {
        "date" : 766184136.901608,
        "title" : "Untitled",
        "transform" : [
          0.9995065,
          -7.591119e-10,
          0.03141268,
          0,
          0.02036519,
          0.76137555,
          -0.6479911,
          0,
          -0.023916846,
          0.6483111,
          0.7609998,
          0,
          -0.05159302,
          0.8598516,
          1.1186992,
          1
        ]
      },
      {
        "date" : 766184126.714256,
        "title" : "Untitled",
        "transform" : [
          0.9995065,
          -7.591119e-10,
          0.03141268,
          0,
          0.02036519,
          0.76137555,
          -0.6479911,
          0,
          -0.023916846,
          0.6483111,
          0.7609998,
          0,
          -0.02740784,
          0.8854259,
          1.0976723,
          1
        ]
      },
      {
        "date" : 766183846.233286,
        "title" : "Untitled",
        "transform" : [
          0.9995065,
          1.7221069e-10,
          0.03141268,
          0,
          0.020365188,
          0.76137555,
          -0.6479911,
          0,
          -0.023916846,
          0.6483111,
          0.7609998,
          0,
          0.0887707,
          1.2439681,
          1.6386697,
          1
        ]
      },
      {
        "date" : 766183844.135279,
        "title" : "Untitled",
        "transform" : [
          0.9995065,
          1.7221069e-10,
          0.03141268,
          0,
          0.020365188,
          0.76137555,
          -0.6479911,
          0,
          -0.023916846,
          0.6483111,
          0.7609998,
          0,
          -0.0026234263,
          0.93142855,
          1.9020565,
          1
        ]
      }
    ],
    "561729A4-D627-4CB0-B998-FFA06F46EE86" : [
      {
        "date" : 766174675.373973,
        "title" : "Untitled",
        "transform" : [
          1,
          0,
          0,
          0,
          0,
          0.7071069,
          -0.70710677,
          0,
          0,
          0.70710677,
          0.7071069,
          0,
          -0.03297405,
          0.22757387,
          0.24229142,
          1
        ]
      },
      {
        "date" : 766174581.755539,
        "title" : "Untitled",
        "transform" : [
          1,
          0,
          0,
          0,
          0,
          0.7071069,
          -0.70710677,
          0,
          0,
          0.70710677,
          0.7071069,
          0,
          0.007951096,
          0.20384428,
          0.266021,
          1
        ]
      },
      {
        "date" : 766174564.354872,
        "title" : "Untitled",
        "transform" : [
          1,
          0,
          0,
          0,
          0,
          0.7071069,
          -0.70710677,
          0,
          0,
          0.70710677,
          0.7071069,
          0,
          0.006548032,
          0.20136389,
          0.26850137,
          1
        ]
      },
      {
        "date" : 766174545.671662,
        "title" : "Untitled",
        "transform" : [
          1,
          0,
          0,
          0,
          0,
          0.7071069,
          -0.70710677,
          0,
          0,
          0.70710677,
          0.7071069,
          0,
          0,
          0.23493263,
          0.23493266,
          1
        ]
      }
    ],
    "77D7F290-2262-42D9-A190-867BD02AF73C" : [
      {
        "date" : 766113646.600718,
        "title" : "Untitled",
        "transform" : [
          1,
          0,
          -0,
          0,
          -0,
          0.8656502,
          -0.50064933,
          0,
          0,
          0.50064933,
          0.8656502,
          0,
          0,
          3.9635384,
          6.8612113,
          1
        ]
      }
    ],
    "BC5EF9D1-FC09-4F5B-A9E5-DC989BEE5790" : [
      {
        "date" : 766112490.874023,
        "title" : "Untitled",
        "transform" : [
          1,
          0,
          -0,
          0,
          -0,
          0.7071069,
          -0.7071067,
          0,
          0,
          0.7071067,
          0.7071069,
          0,
          1.4901161e-08,
          2.2003925,
          2.200393,
          1
        ]
      }
    ],
    "D66134B1-3681-4A8E-AFE5-29F257229F3B" : [
      {
        "date" : 766103135.246075,
        "title" : "Untitled",
        "transform" : [
          1,
          0,
          0,
          0,
          0,
          0.7071069,
          -0.70710677,
          0,
          0,
          0.70710677,
          0.7071069,
          0,
          0,
          0.23892812,
          0.23892817,
          1
        ]
      }
    ]
  },
  "sceneViewportBackgroundColors" : {

  },
  "selectedSceneRelativePath" : "GlowCube.usda"
}