{
  "advancedEditorSelectedIdentifier" : "ProjectBrowser",
  "openSceneRelativePaths" : [
    "Immersive.usda",
    "GlowMaterial.usda",
    "HollowCube.usda",
    "GlowCube.usda",
    "Audio.usda"
  ],
  "recentIdentifiers" : {
    "1D572CEB-057A-41C3-B575-04C37501A3C0" : [

    ],
    "3C5BA20E-1957-48F2-9D9A-7315302ECC73" : [

    ],
    "4CBFF77E-8615-41A9-B03F-767D4D4BC709" : [

    ],
    "5609C82E-2250-476A-9A01-90D4B07B7D72" : [

    ]
  },
  "sceneCameraHistory" : {
    "1D572CEB-057A-41C3-B575-04C37501A3C0" : [
      {
        "date" : 766115463.490075,
        "title" : "Untitled",
        "transform" : [
          1,
          0,
          0,
          0,
          0,
          0.7071069,
          -0.7071067,
          0,
          0,
          0.7071067,
          0.7071069,
          0,
          1.728837,
          3.4106994,
          9.976777,
          1
        ]
      },
      {
        "date" : 766097734.599068,
        "title" : "Untitled",
        "transform" : [
          1,
          0,
          0,
          0,
          0,
          0.7071069,
          -0.7071067,
          0,
          0,
          0.7071067,
          0.7071069,
          0,
          0.90050197,
          2.902606,
          10.48487,
          1
        ]
      },
      {
        "date" : 766097726.616547,
        "title" : "Untitled",
        "transform" : [
          1,
          0,
          0,
          0,
          0,
          0.7071069,
          -0.7071067,
          0,
          0,
          0.7071067,
          0.7071069,
          0,
          1.0649159,
          0.094177715,
          12.043345,
          1
        ]
      },
      {
        "date" : 766097722.101183,
        "title" : "Untitled",
        "transform" : [
          1,
          0,
          0,
          0,
          0,
          0.7071069,
          -0.7071067,
          0,
          0,
          0.7071067,
          0.7071069,
          0,
          1.082587,
          0.08464737,
          12.0528755,
          1
        ]
      },
      {
        "date" : 766097706.600087,
        "title" : "Untitled",
        "transform" : [
          1,
          0,
          0,
          0,
          0,
          0.7071069,
          -0.7071067,
          0,
          0,
          0.7071067,
          0.7071069,
          0,
          1.0851605,
          0.08080715,
          12.056716,
          1
        ]
      },
      {
        "date" : 766097702.584887,
        "title" : "Untitled",
        "transform" : [
          1,
          0,
          0,
          0,
          0,
          0.7071069,
          -0.7071067,
          0,
          0,
          0.7071067,
          0.7071069,
          0,
          1.0836706,
          0.77841586,
          12.747589,
          1
        ]
      },
      {
        "date" : 766096909.810779,
        "title" : "Untitled",
        "transform" : [
          1,
          0,
          0,
          0,
          0,
          0.7071069,
          -0.7071067,
          0,
          0,
          0.7071067,
          0.7071069,
          0,
          0.1378567,
          13.893401,
          18.19113,
          1
        ]
      },
      {
        "date" : 766096907.393422,
        "title" : "Untitled",
        "transform" : [
          1,
          0,
          0,
          0,
          0,
          0.7071069,
          -0.7071067,
          0,
          0,
          0.7071067,
          0.7071069,
          0,
          0.23654553,
          23.839405,
          31.21379,
          1
        ]
      },
      {
        "date" : 766096905.542455,
        "title" : "Untitled",
        "transform" : [
          1,
          0,
          0,
          0,
          0,
          0.7071069,
          -0.7071067,
          0,
          0,
          0.7071067,
          0.7071069,
          0,
          0.4104929,
          41.370075,
          54.167328,
          1
        ]
      },
      {
        "date" : 766096879.710938,
        "title" : "Untitled",
        "transform" : [
          1,
          0,
          0,
          0,
          0,
          0.7071069,
          -0.7071067,
          0,
          0,
          0.7071067,
          0.7071069,
          0,
          0.41049302,
          0.053898618,
          12.850719,
          1
        ]
      }
    ],
    "3C5BA20E-1957-48F2-9D9A-7315302ECC73" : [
      {
        "date" : 766113931.121203,
        "title" : "Untitled",
        "transform" : [
          1,
          0,
          0,
          0,
          0,
          0.7071069,
          -0.70710677,
          0,
          0,
          0.70710677,
          0.7071069,
          0,
          0.16977051,
          1.7887776,
          1.8688028,
          1
        ]
      }
    ],
    "5609C82E-2250-476A-9A01-90D4B07B7D72" : [
      {
        "date" : 766115323.872238,
        "title" : "Untitled",
        "transform" : [
          0.9995065,
          1.7221069e-10,
          0.03141268,
          0,
          0.020365188,
          0.76137555,
          -0.6479911,
          0,
          -0.023916846,
          0.6483111,
          0.7609998,
          0,
          0.25257528,
          1.585413,
          2.3070686,
          1
        ]
      },
      {
        "date" : 766115320.606376,
        "title" : "Untitled",
        "transform" : [
          0.9995065,
          1.7221069e-10,
          0.03141268,
          0,
          0.020365188,
          0.76137555,
          -0.6479911,
          0,
          -0.023916846,
          0.6483111,
          0.7609998,
          0,
          -1.2081345,
          1.5023117,
          2.331957,
          1
        ]
      },
      {
        "date" : 766115247.487697,
        "title" : "Untitled",
        "transform" : [
          0.9995065,
          1.7221069e-10,
          0.03141268,
          0,
          0.020365188,
          0.76137555,
          -0.6479911,
          0,
          -0.023916846,
          0.6483111,
          0.7609998,
          0,
          0.21583775,
          1.4971595,
          2.3811,
          1
        ]
      },
      {
        "date" : 766115161.489752,
        "title" : "Untitled",
        "transform" : [
          0.9995065,
          1.7221069e-10,
          0.03141268,
          0,
          0.020365188,
          0.76137555,
          -0.6479911,
          0,
          -0.023916846,
          0.6483111,
          0.7609998,
          0,
          -0.054283142,
          1.743927,
          2.162384,
          1
        ]
      },
      {
        "date" : 766114933.369506,
        "title" : "Untitled",
        "transform" : [
          0.99950653,
          0,
          0.03141268,
          0,
          0.020365188,
          0.7613755,
          -0.6479911,
          0,
          -0.023916844,
          0.6483111,
          0.76099974,
          0,
          84.3665,
          447.26013,
          487.74258,
          1
        ]
      },
      {
        "date" : 766114922.384904,
        "title" : "Untitled",
        "transform" : [
          0.99999994,
          0,
          0,
          0,
          0,
          0.7613755,
          -0.6483111,
          0,
          0,
          0.6483111,
          0.7613755,
          0,
          0.42741072,
          1.9184258,
          2.0796666,
          1
        ]
      },
      {
        "date" : 766113559.790672,
        "title" : "Untitled",
        "transform" : [
          0.99999994,
          0,
          0,
          0,
          0,
          0.7613755,
          -0.6483111,
          0,
          0,
          0.6483111,
          0.7613755,
          0,
          -0.26873547,
          2.0569146,
          3.6622496,
          1
        ]
      },
      {
        "date" : 766113343.355378,
        "title" : "Untitled",
        "transform" : [
          0.99999994,
          0,
          0,
          0,
          0,
          0.7613755,
          -0.6483111,
          0,
          0,
          0.6483111,
          0.7613755,
          0,
          0.10156345,
          2.5985253,
          3.2010682,
          1
        ]
      },
      {
        "date" : 766113328.97585,
        "title" : "Untitled",
        "transform" : [
          0.99999994,
          0,
          0,
          0,
          0,
          0.7613755,
          -0.6483111,
          0,
          0,
          0.6483111,
          0.7613755,
          0,
          -0.11890293,
          2.4916918,
          3.2920365,
          1
        ]
      },
      {
        "date" : 766113325.725601,
        "title" : "Untitled",
        "transform" : [
          0.99999994,
          0,
          0,
          0,
          0,
          0.7613755,
          -0.6483111,
          0,
          0,
          0.6483111,
          0.7613755,
          0,
          -0.026664602,
          0.5587749,
          0.73825634,
          1
        ]
      }
    ],
    "77D7F290-2262-42D9-A190-867BD02AF73C" : [
      {
        "date" : 766113646.600718,
        "title" : "Untitled",
        "transform" : [
          1,
          0,
          -0,
          0,
          -0,
          0.8656502,
          -0.50064933,
          0,
          0,
          0.50064933,
          0.8656502,
          0,
          0,
          3.9635384,
          6.8612113,
          1
        ]
      }
    ],
    "BC5EF9D1-FC09-4F5B-A9E5-DC989BEE5790" : [
      {
        "date" : 766112490.874023,
        "title" : "Untitled",
        "transform" : [
          1,
          0,
          -0,
          0,
          -0,
          0.7071069,
          -0.7071067,
          0,
          0,
          0.7071067,
          0.7071069,
          0,
          1.4901161e-08,
          2.2003925,
          2.200393,
          1
        ]
      }
    ],
    "D66134B1-3681-4A8E-AFE5-29F257229F3B" : [
      {
        "date" : 766103135.246075,
        "title" : "Untitled",
        "transform" : [
          1,
          0,
          0,
          0,
          0,
          0.7071069,
          -0.70710677,
          0,
          0,
          0.70710677,
          0.7071069,
          0,
          0,
          0.23892812,
          0.23892817,
          1
        ]
      }
    ]
  },
  "sceneViewportBackgroundColors" : {

  },
  "selectedSceneRelativePath" : "Audio.usda"
}